,states,hit,stand
0,"((4, 0), -1.0)",0.0000,0.0000
1,"((4, 0), -0.8)",0.3124,-0.6131
2,"((4, 0), -0.6)",0.4178,-0.8308
3,"((4, 0), -0.4)",0.5207,-1.0136
4,"((4, 0), -0.2)",0.5149,-1.0179
5,"((4, 0), 0.0)",0.4979,-1.0271
6,"((4, 0), 0.2)",0.6002,-1.0029
7,"((4, 0), 0.4)",0.5384,-0.9891
8,"((4, 0), 0.6)",0.5416,-0.9523
9,"((4, 0), 0.8)",0.3394,-0.7445
10,"((4, 0), 1.0)",0.0000,0.0000
11,"((5, 0), -1.0)",0.0000,0.0000
12,"((5, 0), -0.8)",0.4089,-0.6001
13,"((5, 0), -0.6)",0.5267,-0.9131
14,"((5, 0), -0.4)",0.6301,-0.8707
15,"((5, 0), -0.2)",0.6196,-0.8539
16,"((5, 0), 0.0)",0.7788,-0.8404
17,"((5, 0), 0.2)",0.6740,-0.8485
18,"((5, 0), 0.4)",0.6892,-0.8431
19,"((5, 0), 0.6)",0.6698,-0.8676
20,"((5, 0), 0.8)",0.7118,-0.6656
21,"((5, 0), 1.0)",0.0000,0.0000
22,"((6, 0), -1.0)",0.0000,0.0000
23,"((6, 0), -0.8)",0.4875,-0.7802
24,"((6, 0), -0.6)",0.6117,-0.7698
25,"((6, 0), -0.4)",0.7623,-0.7139
26,"((6, 0), -0.2)",0.6583,-0.7144
27,"((6, 0), 0.0)",0.7322,-0.6636
28,"((6, 0), 0.2)",0.7199,-0.6832
29,"((6, 0), 0.4)",0.8610,-0.6541
30,"((6, 0), 0.6)",1.0085,-0.5915
31,"((6, 0), 0.8)",0.9260,-0.4874
32,"((6, 0), 1.0)",0.0000,0.0000
33,"((7, 0), -1.0)",0.0000,0.0000
34,"((7, 0), -0.8)",0.5894,-0.6277
35,"((7, 0), -0.6)",0.6259,-0.6152
36,"((7, 0), -0.4)",0.6118,-0.5799
37,"((7, 0), -0.2)",1.0530,-0.4767
38,"((7, 0), 0.0)",0.9132,-0.4601
39,"((7, 0), 0.2)",0.8919,-0.4619
40,"((7, 0), 0.4)",1.1662,-0.3652
41,"((7, 0), 0.6)",1.3112,-0.2883
42,"((7, 0), 0.8)",1.3983,-0.2748
43,"((7, 0), 1.0)",0.0000,0.0000
44,"((8, 0), -1.0)",0.0000,0.0000
45,"((8, 0), -0.8)",0.6320,-0.4303
46,"((8, 0), -0.6)",0.7717,-0.4088
47,"((8, 0), -0.4)",0.8166,-0.3491
48,"((8, 0), -0.2)",0.9849,-0.3001
49,"((8, 0), 0.0)",1.0507,-0.2228
50,"((8, 0), 0.2)",1.4290,-0.1126
51,"((8, 0), 0.4)",1.4671,-0.1195
52,"((8, 0), 0.6)",1.5209,0.0020
53,"((8, 0), 0.8)",1.7081,0.0294
54,"((8, 0), 1.0)",0.1516,0.0000
55,"((9, 0), -1.0)",0.0000,0.0000
56,"((9, 0), -0.8)",0.8091,-0.2572
57,"((9, 0), -0.6)",0.7338,-0.2132
58,"((9, 0), -0.4)",1.1038,-0.1266
59,"((9, 0), -0.2)",1.3470,-0.0186
60,"((9, 0), 0.0)",1.5468,0.0747
61,"((9, 0), 0.2)",1.4430,0.0623
62,"((9, 0), 0.4)",1.4144,0.1784
63,"((9, 0), 0.6)",1.9474,0.3320
64,"((9, 0), 0.8)",2.0664,0.3590
65,"((9, 0), 1.0)",0.4121,0.0000
66,"((10, 0), -1.0)",0.0000,0.0000
67,"((10, 0), -0.8)",0.8307,-0.0077
68,"((10, 0), -0.6)",0.9119,0.0844
69,"((10, 0), -0.4)",1.2381,0.2623
70,"((10, 0), -0.2)",1.6494,0.2229
71,"((10, 0), 0.0)",2.0014,0.3481
72,"((10, 0), 0.2)",1.8691,0.4664
73,"((10, 0), 0.4)",2.1339,0.5848
74,"((10, 0), 0.6)",2.1352,0.7118
75,"((10, 0), 0.8)",2.5453,0.8019
76,"((10, 0), 1.0)",0.0000,0.0000
77,"((11, 0), -1.0)",0.0000,0.0000
78,"((11, 0), -0.8)",1.0500,0.2740
79,"((11, 0), -0.6)",1.3046,0.3825
80,"((11, 0), -0.4)",1.7661,0.5458
81,"((11, 0), -0.2)",1.8604,0.4903
82,"((11, 0), 0.0)",1.6464,0.6839
83,"((11, 0), 0.2)",2.3170,0.7554
84,"((11, 0), 0.4)",2.0910,0.9476
85,"((11, 0), 0.6)",2.5117,1.0183
86,"((11, 0), 0.8)",2.1465,0.8597
87,"((11, 0), 1.0)",0.0000,0.0000
88,"((12, 0), -1.0)",0.0000,0.0000
89,"((12, 0), -0.8)",1.2584,0.5912
90,"((12, 0), -0.6)",1.1228,0.5956
91,"((12, 0), -0.4)",1.1162,0.4999
92,"((12, 0), -0.2)",0.8752,0.4347
93,"((12, 0), 0.0)",0.3928,0.1203
94,"((12, 0), 0.2)",0.6216,0.1419
95,"((12, 0), 0.4)",0.5218,0.3628
96,"((12, 0), 0.6)",-0.3962,0.0009
97,"((12, 0), 0.8)",-0.6560,0.0000
98,"((12, 0), 1.0)",0.0000,0.0000
99,"((13, 0), -1.0)",0.0000,0.0000
100,"((13, 0), -0.8)",1.3828,0.8826
101,"((13, 0), -0.6)",1.4769,0.9900
102,"((13, 0), -0.4)",0.6745,0.7325
103,"((13, 0), -0.2)",1.1883,0.6644
104,"((13, 0), 0.0)",0.3065,0.5226
105,"((13, 0), 0.2)",0.1870,0.5000
106,"((13, 0), 0.4)",0.3700,0.5001
107,"((13, 0), 0.6)",-0.3056,0.5000
108,"((13, 0), 0.8)",-0.4300,0.5000
109,"((13, 0), 1.0)",0.0000,0.0250
110,"((14, 0), -1.0)",0.1103,0.0000
111,"((14, 0), -0.8)",1.9171,1.4082
112,"((14, 0), -0.6)",0.9399,1.1496
113,"((14, 0), -0.4)",0.9669,1.0485
114,"((14, 0), -0.2)",0.5191,1.0400
115,"((14, 0), 0.0)",0.5811,1.0400
116,"((14, 0), 0.2)",0.1278,1.0400
117,"((14, 0), 0.4)",-0.1394,1.0400
118,"((14, 0), 0.6)",-0.1876,1.0400
119,"((14, 0), 0.8)",-0.3905,1.0400
120,"((14, 0), 1.0)",0.0000,0.0000
121,"((15, 0), -1.0)",0.0000,0.0000
122,"((15, 0), -0.8)",2.0951,1.8211
123,"((15, 0), -0.6)",1.4870,1.6233
124,"((15, 0), -0.4)",1.6553,1.6200
125,"((15, 0), -0.2)",-0.0239,1.6200
126,"((15, 0), 0.0)",0.0496,1.6200
127,"((15, 0), 0.2)",-0.4696,1.6200
128,"((15, 0), 0.4)",-0.5894,1.6200
129,"((15, 0), 0.6)",-0.2954,1.6200
130,"((15, 0), 0.8)",-0.8524,1.6200
131,"((15, 0), 1.0)",-0.1000,0.0000
132,"((16, 0), -1.0)",0.0000,0.0000
133,"((16, 0), -0.8)",1.7763,2.2400
134,"((16, 0), -0.6)",0.9322,2.2400
135,"((16, 0), -0.4)",0.8247,2.2400
136,"((16, 0), -0.2)",0.7774,2.2400
137,"((16, 0), 0.0)",0.4374,2.2400
138,"((16, 0), 0.2)",-0.1577,2.2400
139,"((16, 0), 0.4)",0.0182,2.2400
140,"((16, 0), 0.6)",-0.6281,2.2400
141,"((16, 0), 0.8)",-0.5823,2.2400
142,"((16, 0), 1.0)",0.0000,0.1120
143,"((17, 0), -1.0)",-0.1000,0.0000
144,"((17, 0), -0.8)",1.0954,2.9000
145,"((17, 0), -0.6)",0.2378,2.9000
146,"((17, 0), -0.4)",-0.1425,2.9000
147,"((17, 0), -0.2)",-0.0377,2.9000
148,"((17, 0), 0.0)",0.1711,2.9000
149,"((17, 0), 0.2)",-0.2793,2.9000
150,"((17, 0), 0.4)",-0.3937,2.9000
151,"((17, 0), 0.6)",-0.3525,2.9000
152,"((17, 0), 0.8)",0.2688,2.9000
153,"((17, 0), 1.0)",0.0000,0.0000
154,"((18, 0), -1.0)",0.0000,0.0000
155,"((18, 0), -0.8)",-0.2796,3.6000
156,"((18, 0), -0.6)",0.4430,3.6000
157,"((18, 0), -0.4)",-0.0079,3.6000
158,"((18, 0), -0.2)",0.1877,3.6000
159,"((18, 0), 0.0)",0.0422,3.6000
160,"((18, 0), 0.2)",-0.0347,3.6000
161,"((18, 0), 0.4)",-0.3967,3.6000
162,"((18, 0), 0.6)",-0.6004,3.6000
163,"((18, 0), 0.8)",-0.1751,3.5999
164,"((18, 0), 1.0)",-0.1000,0.0000
165,"((19, 0), -1.0)",-0.1000,0.0000
166,"((19, 0), -0.8)",-0.2799,4.3400
167,"((19, 0), -0.6)",-0.2468,4.3400
168,"((19, 0), -0.4)",-0.7575,4.3400
169,"((19, 0), -0.2)",-0.6006,4.3400
170,"((19, 0), 0.0)",-0.2275,4.3400
171,"((19, 0), 0.2)",-0.2129,4.3400
172,"((19, 0), 0.4)",-0.5677,4.3400
173,"((19, 0), 0.6)",0.1090,4.3400
174,"((19, 0), 0.8)",-0.6334,4.3400
175,"((19, 0), 1.0)",0.0000,0.0000
176,"((20, 0), -1.0)",-0.1000,0.0000
177,"((20, 0), -0.8)",-1.0000,5.1200
178,"((20, 0), -0.6)",-0.8351,5.1200
179,"((20, 0), -0.4)",-0.4969,5.1200
180,"((20, 0), -0.2)",-0.7686,5.1200
181,"((20, 0), 0.0)",-0.9961,5.1200
182,"((20, 0), 0.2)",-0.5726,5.1200
183,"((20, 0), 0.4)",-0.8263,5.1200
184,"((20, 0), 0.6)",-0.3066,5.1200
185,"((20, 0), 0.8)",-0.5821,5.1200
186,"((20, 0), 1.0)",0.0000,0.0000
187,"((21, 0), -1.0)",0.0000,0.0000
188,"((21, 0), -0.8)",-0.9999,5.9066
189,"((21, 0), -0.6)",-1.0000,5.9400
190,"((21, 0), -0.4)",-1.0000,5.9400
191,"((21, 0), -0.2)",-1.0000,5.9400
192,"((21, 0), 0.0)",-1.0000,5.9400
193,"((21, 0), 0.2)",-1.0000,5.9400
194,"((21, 0), 0.4)",-1.0000,5.9400
195,"((21, 0), 0.6)",-1.0000,5.9399
196,"((21, 0), 0.8)",-1.0000,4.9535
197,"((21, 0), 1.0)",-0.1000,0.0000
198,"((12, 1), -1.0)",0.0000,0.0000
199,"((12, 1), -0.8)",0.6330,-0.1456
200,"((12, 1), -0.6)",0.9294,-0.0860
201,"((12, 1), -0.4)",1.0362,-0.0310
202,"((12, 1), -0.2)",1.0284,0.0120
203,"((12, 1), 0.0)",1.0189,0.0154
204,"((12, 1), 0.2)",1.0799,0.0164
205,"((12, 1), 0.4)",1.0014,-0.1329
206,"((12, 1), 0.6)",0.2713,-0.2966
207,"((12, 1), 0.8)",0.1116,-0.1346
208,"((12, 1), 1.0)",0.0000,0.0000
209,"((13, 1), -1.0)",0.0000,0.0000
210,"((13, 1), -0.8)",0.9886,0.0392
211,"((13, 1), -0.6)",1.2644,0.3031
212,"((13, 1), -0.4)",1.0163,0.2626
213,"((13, 1), -0.2)",1.5146,0.2474
214,"((13, 1), 0.0)",0.6202,0.1905
215,"((13, 1), 0.2)",0.8002,0.1902
216,"((13, 1), 0.4)",0.6480,0.0761
217,"((13, 1), 0.6)",0.4298,-0.0058
218,"((13, 1), 0.8)",0.5169,-0.0575
219,"((13, 1), 1.0)",0.0000,0.0000
220,"((14, 1), -1.0)",0.0000,0.0000
221,"((14, 1), -0.8)",1.0880,0.1824
222,"((14, 1), -0.6)",1.2831,0.6484
223,"((14, 1), -0.4)",1.0345,0.6148
224,"((14, 1), -0.2)",1.0382,0.5410
225,"((14, 1), 0.0)",0.8734,0.5274
226,"((14, 1), 0.2)",0.9224,0.4867
227,"((14, 1), 0.4)",0.7413,0.3629
228,"((14, 1), 0.6)",0.5305,0.3412
229,"((14, 1), 0.8)",0.5006,0.2091
230,"((14, 1), 1.0)",0.0000,0.0000
231,"((15, 1), -1.0)",0.0000,0.0000
232,"((15, 1), -0.8)",0.2525,0.5723
233,"((15, 1), -0.6)",1.7199,1.0474
234,"((15, 1), -0.4)",1.3068,0.9373
235,"((15, 1), -0.2)",1.2083,0.8626
236,"((15, 1), 0.0)",1.1514,0.6464
237,"((15, 1), 0.2)",0.9767,0.7239
238,"((15, 1), 0.4)",0.6222,0.6468
239,"((15, 1), 0.6)",0.5610,0.6193
240,"((15, 1), 0.8)",0.7330,0.3071
241,"((15, 1), 1.0)",0.0000,0.0000
242,"((16, 1), -1.0)",0.0000,0.0000
243,"((16, 1), -0.8)",1.0015,1.1287
244,"((16, 1), -0.6)",1.6661,1.3597
245,"((16, 1), -0.4)",1.2722,1.2423
246,"((16, 1), -0.2)",1.1112,1.2400
247,"((16, 1), 0.0)",0.9696,1.2402
248,"((16, 1), 0.2)",1.1497,1.2465
249,"((16, 1), 0.4)",0.9687,1.2400
250,"((16, 1), 0.6)",0.8847,1.2321
251,"((16, 1), 0.8)",1.0362,0.7972
252,"((16, 1), 1.0)",0.0000,0.0000
253,"((17, 1), -1.0)",0.0000,0.0000
254,"((17, 1), -0.8)",0.9924,1.6908
255,"((17, 1), -0.6)",1.2440,1.8940
256,"((17, 1), -0.4)",1.5575,1.9000
257,"((17, 1), -0.2)",1.2466,1.9000
258,"((17, 1), 0.0)",1.2627,1.9000
259,"((17, 1), 0.2)",1.3808,1.9000
260,"((17, 1), 0.4)",1.2351,1.9000
261,"((17, 1), 0.6)",1.3176,1.8990
262,"((17, 1), 0.8)",1.4094,0.8476
263,"((17, 1), 1.0)",0.0000,0.0000
264,"((18, 1), -1.0)",0.0000,0.0000
265,"((18, 1), -0.8)",1.2395,1.9999
266,"((18, 1), -0.6)",1.1269,2.5981
267,"((18, 1), -0.4)",1.4028,2.6000
268,"((18, 1), -0.2)",1.2011,2.6000
269,"((18, 1), 0.0)",1.5202,2.6000
270,"((18, 1), 0.2)",1.4635,2.6000
271,"((18, 1), 0.4)",1.4616,2.6000
272,"((18, 1), 0.6)",1.5881,2.5985
273,"((18, 1), 0.8)",1.3012,2.4804
274,"((18, 1), 1.0)",0.0000,0.0000
275,"((19, 1), -1.0)",0.0000,0.0000
276,"((19, 1), -0.8)",0.7201,2.5890
277,"((19, 1), -0.6)",1.3522,3.3377
278,"((19, 1), -0.4)",0.9264,3.3400
279,"((19, 1), -0.2)",1.4741,3.3400
280,"((19, 1), 0.0)",1.6154,3.3400
281,"((19, 1), 0.2)",1.4717,3.3400
282,"((19, 1), 0.4)",1.6352,3.3400
283,"((19, 1), 0.6)",1.9442,3.3396
284,"((19, 1), 0.8)",2.0904,2.8734
285,"((19, 1), 1.0)",0.0000,0.0000
286,"((20, 1), -1.0)",0.0000,0.0000
287,"((20, 1), -0.8)",0.8152,3.5686
288,"((20, 1), -0.6)",0.8205,4.1192
289,"((20, 1), -0.4)",1.2308,4.1200
290,"((20, 1), -0.2)",1.6646,4.1200
291,"((20, 1), 0.0)",1.7306,4.1200
292,"((20, 1), 0.2)",1.6340,4.1200
293,"((20, 1), 0.4)",1.8125,4.1200
294,"((20, 1), 0.6)",2.3138,4.1194
295,"((20, 1), 0.8)",2.5266,2.0811
296,"((20, 1), 1.0)",0.0000,0.0000
297,"((21, 1), -1.0)",0.0821,0.0000
298,"((21, 1), -0.8)",0.9942,4.9358
299,"((21, 1), -0.6)",1.2042,4.9400
300,"((21, 1), -0.4)",1.4486,4.9400
301,"((21, 1), -0.2)",1.0559,4.9400
302,"((21, 1), 0.0)",1.9700,4.9400
303,"((21, 1), 0.2)",1.6145,4.9400
304,"((21, 1), 0.4)",2.0669,4.9400
305,"((21, 1), 0.6)",1.9175,4.9400
306,"((21, 1), 0.8)",2.1587,4.9391
307,"((21, 1), 1.0)",0.0000,0.0000
308,"(('bust', 0), 0.0)",0.0000,0.0000
